0.00,0.000,0.000,0.000
0.01,0.002,0.000,0.002
0.02,0.003,0.000,0.003
0.03,0.006,0.001,0.006
0.04,0.013,0.001,0.013
0.05,0.026,0.003,0.026
0.06,0.047,0.005,0.047
0.07,0.077,0.009,0.077
0.08,0.116,0.015,0.116
0.09,0.160,0.023,0.160
0.10,0.209,0.034,0.209
0.11,0.258,0.047,0.258
0.12,0.306,0.064,0.306
0.13,0.350,0.083,0.350
0.14,0.391,0.106,0.391
0.15,0.428,0.131,0.428
0.16,0.461,0.159,0.461
0.17,0.491,0.188,0.491
0.18,0.518,0.219,0.517
0.19,0.541,0.251,0.541
0.20,0.563,0.283,0.563
0.21,0.582,0.315,0.582
0.22,0.600,0.347,0.600
0.23,0.616,0.378,0.616
0.24,0.631,0.408,0.631
0.25,0.645,0.438,0.645
0.26,0.659,0.466,0.659
0.27,0.671,0.493,0.671
0.28,0.683,0.519,0.683
0.29,0.694,0.543,0.694
0.30,0.705,0.566,0.705
0.31,0.715,0.588,0.715
0.32,0.725,0.609,0.724
0.33,0.734,0.629,0.734
0.34,0.743,0.648,0.743
0.35,0.752,0.665,0.752
0.36,0.760,0.682,0.760
0.37,0.768,0.699,0.768
0.38,0.776,0.714,0.776
0.39,0.784,0.728,0.784
0.40,0.792,0.742,0.791
0.41,0.799,0.756,0.799
0.42,0.806,0.768,0.806
0.43,0.813,0.780,0.813
0.44,0.820,0.792,0.820
0.45,0.827,0.802,0.827
0.46,0.833,0.813,0.833
0.47,0.840,0.822,0.840
0.48,0.846,0.832,0.846
0.49,0.852,0.841,0.852
0.51,0.858,0.849,0.858
0.52,0.864,0.857,0.864
0.53,0.870,0.865,0.870
0.54,0.876,0.872,0.876
0.55,0.881,0.880,0.881
0.56,0.887,0.886,0.887
0.57,0.892,0.893,0.892
0.58,0.898,0.899,0.898
0.59,0.903,0.906,0.903
0.60,0.908,0.912,0.908
0.61,0.913,0.917,0.913
0.62,0.918,0.923,0.918
0.63,0.924,0.929,0.923
0.64,0.929,0.934,0.928
0.65,0.933,0.939,0.933
0.66,0.938,0.944,0.938
0.67,0.943,0.949,0.943
0.68,0.948,0.954,0.948
0.69,0.953,0.959,0.952
0.70,0.957,0.964,0.957
0.71,0.962,0.969,0.962
0.72,0.966,0.973,0.966
0.73,0.971,0.978,0.971
0.74,0.975,0.982,0.975
0.75,0.980,0.987,0.980
0.76,0.984,0.991,0.984
0.77,0.988,0.995,0.988
0.78,0.993,0.998,0.993
0.79,0.997,1.000,0.997
0.80,1.000,0.998,1.000
0.81,0.980,0.965,0.980
0.82,0.866,0.868,0.866
0.83,0.756,0.761,0.755
0.84,0.653,0.659,0.653
0.85,0.560,0.565,0.560
0.86,0.474,0.479,0.474
0.87,0.397,0.401,0.397
0.88,0.328,0.331,0.328
0.89,0.266,0.269,0.266
0.90,0.212,0.214,0.212
0.91,0.164,0.166,0.164
0.92,0.124,0.125,0.124
0.93,0.090,0.091,0.090
0.94,0.062,0.063,0.062
0.95,0.040,0.041,0.040
0.96,0.024,0.024,0.024
0.97,0.012,0.012,0.012
0.98,0.005,0.005,0.005
0.99,0.001,0.001,0.001
1.00,0.000,0.000,0.000
0.00,0.000,0.000,0.000
0.01,0.002,0.000,0.002
0.02,0.005,0.001,0.005
0.03,0.015,0.002,0.015
0.04,0.034,0.004,0.034
0.05,0.065,0.008,0.065
0.06,0.106,0.014,0.106
0.07,0.155,0.023,0.155
0.08,0.207,0.035,0.207
0.09,0.259,0.050,0.259
0.10,0.308,0.068,0.308
0.11,0.353,0.090,0.353
0.12,0.394,0.115,0.393
0.13,0.430,0.143,0.429
0.14,0.462,0.172,0.461
0.15,0.490,0.204,0.490
0.16,0.516,0.236,0.516
0.17,0.539,0.270,0.539
0.18,0.560,0.304,0.560
0.19,0.580,0.338,0.580
0.20,0.597,0.371,0.597
0.21,0.614,0.404,0.614
0.22,0.629,0.436,0.629
0.23,0.643,0.467,0.643
0.24,0.657,0.497,0.657
0.25,0.670,0.525,0.670
0.26,0.682,0.553,0.682
0.27,0.693,0.579,0.693
0.28,0.704,0.603,0.704
0.29,0.715,0.626,0.715
0.30,0.725,0.648,0.725
0.31,0.734,0.668,0.734
0.32,0.743,0.687,0.743
0.33,0.752,0.705,0.752
0.34,0.761,0.721,0.761
0.35,0.769,0.736,0.769
0.36,0.777,0.750,0.777
0.37,0.785,0.763,0.785
0.38,0.793,0.775,0.792
0.39,0.800,0.786,0.800
0.40,0.807,0.797,0.807
0.41,0.814,0.807,0.814
0.42,0.821,0.816,0.821
0.43,0.828,0.825,0.828
0.44,0.834,0.833,0.834
0.45,0.841,0.841,0.841
0.46,0.847,0.848,0.847
0.47,0.853,0.856,0.853
0.48,0.859,0.863,0.859
0.49,0.865,0.869,0.865
0.51,0.871,0.876,0.871
0.52,0.877,0.882,0.877
0.53,0.883,0.889,0.883
0.54,0.888,0.895,0.888
0.55,0.894,0.901,0.894
0.56,0.900,0.906,0.899
0.57,0.905,0.912,0.905
0.58,0.910,0.918,0.910
0.59,0.916,0.923,0.916
0.60,0.921,0.929,0.921
0.61,0.926,0.934,0.926
0.62,0.931,0.939,0.931
0.63,0.936,0.944,0.936
0.64,0.941,0.949,0.941
0.65,0.946,0.955,0.946
0.66,0.951,0.959,0.951
0.67,0.956,0.964,0.956
0.68,0.961,0.969,0.961
0.69,0.966,0.974,0.965
0.70,0.970,0.978,0.970
0.71,0.975,0.983,0.975
0.72,0.980,0.987,0.979
0.73,0.984,0.991,0.984
0.74,0.988,0.995,0.988
0.75,0.993,0.998,0.993
0.76,0.997,1.000,0.997
0.77,1.000,0.995,1.000
0.78,0.967,0.956,0.967
0.79,0.864,0.867,0.864
0.80,0.766,0.772,0.766
0.81,0.674,0.681,0.674
0.82,0.590,0.596,0.589
0.83,0.511,0.517,0.511
0.84,0.440,0.445,0.440
0.85,0.375,0.379,0.375
0.86,0.316,0.319,0.316
0.87,0.262,0.266,0.262
0.88,0.215,0.218,0.215
0.89,0.173,0.175,0.173
0.90,0.137,0.138,0.137
0.91,0.105,0.107,0.105
0.92,0.079,0.080,0.079
0.93,0.056,0.057,0.056
0.94,0.038,0.039,0.038
0.95,0.024,0.025,0.024
0.96,0.014,0.014,0.014
0.97,0.007,0.007,0.007
0.98,0.003,0.003,0.003
0.99,0.001,0.001,0.001
1.00,0.000,0.000,0.000
0.00,0.000,0.000,0.000
0.01,0.002,0.000,0.002
0.02,0.002,0.000,0.002
0.03,0.003,0.000,0.003
0.04,0.003,0.000,0.003
0.05,0.005,0.001,0.005
0.06,0.008,0.001,0.008
0.07,0.013,0.001,0.013
0.08,0.021,0.002,0.021
0.09,0.033,0.004,0.033
0.10,0.050,0.006,0.050
0.11,0.073,0.008,0.073
0.12,0.102,0.012,0.102
0.13,0.136,0.018,0.136
0.14,0.175,0.025,0.174
0.15,0.216,0.033,0.216
0.16,0.260,0.044,0.260
0.17,0.304,0.057,0.304
0.18,0.347,0.072,0.347
0.19,0.388,0.090,0.388
0.20,0.426,0.110,0.426
0.21,0.461,0.132,0.461
0.22,0.494,0.157,0.494
0.23,0.523,0.184,0.523
0.24,0.550,0.212,0.550
0.25,0.574,0.242,0.574
0.26,0.596,0.272,0.596
0.27,0.616,0.303,0.616
0.28,0.634,0.335,0.634
0.29,0.651,0.366,0.651
0.30,0.666,0.397,0.666
0.31,0.681,0.427,0.681
0.32,0.694,0.456,0.694
0.33,0.706,0.484,0.706
0.34,0.718,0.511,0.718
0.35,0.729,0.538,0.729
0.36,0.740,0.563,0.740
0.37,0.750,0.587,0.750
0.38,0.759,0.609,0.759
0.39,0.768,0.631,0.768
0.40,0.777,0.652,0.777
0.41,0.785,0.671,0.785
0.42,0.794,0.690,0.793
0.43,0.801,0.707,0.801
0.44,0.809,0.724,0.809
0.45,0.816,0.740,0.816
0.46,0.824,0.755,0.824
0.47,0.831,0.770,0.831
0.48,0.837,0.784,0.837
0.49,0.844,0.797,0.844
0.51,0.851,0.810,0.851
0.52,0.857,0.821,0.857
0.53,0.863,0.833,0.863
0.54,0.869,0.844,0.869
0.55,0.875,0.854,0.875
0.56,0.881,0.863,0.881
0.57,0.887,0.873,0.887
0.58,0.892,0.881,0.892
0.59,0.898,0.889,0.898
0.60,0.903,0.897,0.903
0.61,0.909,0.905,0.909
0.62,0.914,0.912,0.914
0.63,0.919,0.918,0.919
0.64,0.924,0.925,0.924
0.65,0.929,0.931,0.929
0.66,0.934,0.937,0.934
0.67,0.939,0.943,0.939
0.68,0.944,0.948,0.944
0.69,0.948,0.953,0.948
0.70,0.953,0.959,0.953
0.71,0.958,0.964,0.958
0.72,0.962,0.968,0.962
0.73,0.967,0.973,0.967
0.74,0.971,0.978,0.971
0.75,0.976,0.982,0.976
0.76,0.980,0.987,0.980
0.77,0.984,0.991,0.984
0.78,0.989,0.995,0.989
0.79,0.993,0.998,0.993
0.80,0.997,1.000,0.997
0.81,1.000,0.997,1.000
0.82,0.978,0.963,0.978
0.83,0.862,0.864,0.862
0.84,0.750,0.756,0.750
0.85,0.647,0.653,0.647
0.86,0.552,0.557,0.552
0.87,0.465,0.470,0.465
0.88,0.387,0.391,0.387
0.89,0.317,0.320,0.317
0.90,0.254,0.257,0.254
0.91,0.200,0.202,0.200
0.92,0.152,0.154,0.152
0.93,0.112,0.113,0.112
0.94,0.079,0.080,0.079
0.95,0.052,0.052,0.052
0.96,0.031,0.031,0.031
0.97,0.016,0.016,0.016
0.98,0.006,0.006,0.006
0.99,0.001,0.001,0.001
1.00,0.000,0.000,0.000
0.00,0.000,0.000,0.000
0.01,0.002,0.000,0.002
0.02,0.004,0.000,0.004
0.03,0.010,0.001,0.010
0.04,0.022,0.002,0.022
0.05,0.044,0.005,0.044
0.06,0.075,0.009,0.075
0.07,0.115,0.015,0.115
0.08,0.162,0.024,0.162
0.09,0.212,0.035,0.212
0.10,0.262,0.049,0.262
0.11,0.310,0.067,0.310
0.12,0.354,0.087,0.354
0.13,0.395,0.111,0.395
0.14,0.431,0.136,0.431
0.15,0.463,0.165,0.463
0.16,0.492,0.194,0.492
0.17,0.519,0.226,0.518
0.18,0.542,0.258,0.542
0.19,0.564,0.291,0.564
0.20,0.583,0.324,0.583
0.21,0.601,0.357,0.601
0.22,0.618,0.389,0.618
0.23,0.634,0.421,0.633
0.24,0.648,0.452,0.648
0.25,0.662,0.482,0.662
0.26,0.674,0.511,0.674
0.27,0.687,0.539,0.687
0.28,0.698,0.566,0.698
0.29,0.709,0.591,0.709
0.30,0.720,0.615,0.720
0.31,0.730,0.638,0.730
0.32,0.740,0.659,0.739
0.33,0.749,0.679,0.749
0.34,0.758,0.698,0.758
0.35,0.766,0.716,0.766
0.36,0.775,0.732,0.775
0.37,0.783,0.747,0.783
0.38,0.791,0.761,0.790
0.39,0.798,0.774,0.798
0.40,0.805,0.786,0.805
0.41,0.813,0.797,0.813
0.42,0.820,0.808,0.819
0.43,0.826,0.817,0.826
0.44,0.833,0.827,0.833
0.45,0.840,0.835,0.839
0.46,0.846,0.844,0.846
0.47,0.852,0.851,0.852
0.48,0.858,0.859,0.858
0.49,0.864,0.866,0.864
0.51,0.870,0.873,0.870
0.52,0.876,0.880,0.876
0.53,0.882,0.886,0.882
0.54,0.888,0.892,0.888
0.55,0.893,0.898,0.893
0.56,0.899,0.904,0.899
0.57,0.904,0.910,0.904
0.58,0.910,0.916,0.910
0.59,0.915,0.921,0.915
0.60,0.920,0.927,0.920
0.61,0.925,0.932,0.925
0.62,0.930,0.938,0.930
0.63,0.936,0.943,0.935
0.64,0.941,0.948,0.940
0.65,0.946,0.953,0.945
0.66,0.950,0.958,0.950
0.67,0.955,0.963,0.955
0.68,0.960,0.968,0.960
0.69,0.965,0.972,0.965
0.70,0.969,0.977,0.969
0.71,0.974,0.981,0.974
0.72,0.979,0.986,0.979
0.73,0.983,0.990,0.983
0.74,0.988,0.994,0.988
0.75,0.992,0.998,0.992
0.76,0.996,1.000,0.996
0.77,1.000,0.999,1.000
0.78,0.997,0.980,0.997
0.79,0.907,0.906,0.907
0.80,0.806,0.810,0.805
0.81,0.711,0.716,0.710
0.82,0.622,0.628,0.622
0.83,0.541,0.547,0.541
0.84,0.466,0.471,0.466
0.85,0.398,0.402,0.398
0.86,0.336,0.340,0.336
0.87,0.280,0.284,0.280
0.88,0.230,0.233,0.230
0.89,0.186,0.188,0.186
0.90,0.147,0.149,0.147
0.91,0.114,0.115,0.114
0.92,0.085,0.086,0.085
0.93,0.061,0.062,0.061
0.94,0.042,0.043,0.042
0.95,0.027,0.027,0.027
0.96,0.016,0.016,0.016
0.97,0.008,0.008,0.008
0.98,0.003,0.003,0.003
0.99,0.001,0.001,0.001
1.00,0.000,0.000,0.000
