0.00,0.000,0.000,0.000
0.01,0.001,0.000,0.001
0.02,0.002,0.000,0.002
0.03,0.005,0.001,0.005
0.04,0.011,0.001,0.011
0.05,0.023,0.003,0.023
0.06,0.042,0.006,0.042
0.07,0.070,0.010,0.070
0.08,0.106,0.016,0.106
0.09,0.148,0.025,0.148
0.10,0.193,0.037,0.194
0.11,0.240,0.051,0.241
0.12,0.286,0.070,0.287
0.13,0.330,0.092,0.330
0.14,0.370,0.117,0.371
0.15,0.407,0.146,0.407
0.16,0.440,0.177,0.441
0.17,0.470,0.211,0.471
0.18,0.497,0.246,0.498
0.19,0.522,0.283,0.523
0.20,0.544,0.320,0.545
0.21,0.564,0.358,0.566
0.22,0.583,0.395,0.585
0.23,0.601,0.432,0.602
0.24,0.617,0.467,0.619
0.25,0.633,0.502,0.634
0.26,0.647,0.536,0.649
0.27,0.661,0.568,0.662
0.28,0.674,0.598,0.676
0.29,0.686,0.628,0.688
0.30,0.698,0.656,0.700
0.31,0.710,0.682,0.712
0.32,0.721,0.707,0.723
0.33,0.732,0.731,0.733
0.34,0.742,0.754,0.744
0.35,0.752,0.775,0.754
0.36,0.762,0.796,0.764
0.37,0.771,0.815,0.773
0.38,0.780,0.833,0.782
0.39,0.789,0.850,0.791
0.40,0.798,0.866,0.800
0.41,0.806,0.880,0.808
0.42,0.815,0.894,0.817
0.43,0.823,0.907,0.825
0.44,0.831,0.918,0.833
0.45,0.839,0.929,0.840
0.46,0.846,0.939,0.848
0.47,0.854,0.948,0.855
0.48,0.861,0.956,0.862
0.49,0.868,0.963,0.869
0.51,0.875,0.969,0.876
0.52,0.882,0.975,0.883
0.53,0.889,0.980,0.890
0.54,0.895,0.985,0.896
0.55,0.902,0.989,0.902
0.56,0.908,0.992,0.909
0.57,0.914,0.995,0.915
0.58,0.920,0.997,0.921
0.59,0.926,0.999,0.927
0.60,0.932,1.000,0.932
0.61,0.937,1.000,0.938
0.62,0.943,1.000,0.943
0.63,0.948,0.999,0.949
0.64,0.954,0.997,0.954
0.65,0.959,0.994,0.959
0.66,0.963,0.991,0.964
0.67,0.968,0.986,0.968
0.68,0.973,0.980,0.973
0.69,0.977,0.974,0.977
0.70,0.981,0.965,0.981
0.71,0.985,0.956,0.985
0.72,0.988,0.945,0.988
0.73,0.991,0.932,0.991
0.74,0.994,0.917,0.994
0.75,0.996,0.901,0.996
0.76,0.998,0.882,0.998
0.77,0.999,0.860,0.999
0.78,1.000,0.836,1.000
0.79,1.000,0.810,1.000
0.80,0.998,0.780,0.998
0.81,0.996,0.747,0.996
0.82,0.992,0.710,0.992
0.83,0.986,0.671,0.986
0.84,0.979,0.628,0.979
0.85,0.968,0.581,0.968
0.86,0.954,0.531,0.954
0.87,0.936,0.479,0.936
0.88,0.912,0.425,0.912
0.89,0.881,0.369,0.881
0.90,0.841,0.313,0.841
0.91,0.790,0.258,0.790
0.92,0.725,0.205,0.725
0.93,0.642,0.156,0.642
0.94,0.541,0.113,0.541
0.95,0.423,0.075,0.423
0.96,0.295,0.045,0.295
0.97,0.171,0.023,0.171
0.98,0.073,0.009,0.073
0.99,0.017,0.002,0.017
1.00,0.003,0.000,0.003
0.00,0.000,0.000,0.000
0.01,0.002,0.000,0.002
0.02,0.005,0.001,0.005
0.03,0.013,0.002,0.013
0.04,0.030,0.004,0.030
0.05,0.058,0.008,0.058
0.06,0.095,0.015,0.096
0.07,0.141,0.025,0.141
0.08,0.190,0.038,0.190
0.09,0.239,0.055,0.239
0.10,0.286,0.076,0.287
0.11,0.330,0.101,0.331
0.12,0.370,0.129,0.371
0.13,0.406,0.160,0.407
0.14,0.438,0.195,0.439
0.15,0.468,0.231,0.469
0.16,0.494,0.270,0.495
0.17,0.518,0.309,0.520
0.18,0.541,0.349,0.542
0.19,0.561,0.389,0.562
0.20,0.580,0.429,0.582
0.21,0.598,0.468,0.599
0.22,0.614,0.507,0.616
0.23,0.630,0.544,0.632
0.24,0.645,0.580,0.647
0.25,0.659,0.615,0.661
0.26,0.673,0.648,0.675
0.27,0.686,0.680,0.688
0.28,0.698,0.710,0.700
0.29,0.710,0.738,0.712
0.30,0.721,0.764,0.723
0.31,0.732,0.788,0.734
0.32,0.743,0.810,0.745
0.33,0.753,0.830,0.755
0.34,0.763,0.849,0.765
0.35,0.772,0.865,0.774
0.36,0.782,0.880,0.783
0.37,0.791,0.894,0.792
0.38,0.799,0.906,0.801
0.39,0.808,0.917,0.810
0.40,0.816,0.927,0.818
0.41,0.825,0.936,0.826
0.42,0.833,0.944,0.834
0.43,0.840,0.951,0.841
0.44,0.848,0.958,0.849
0.45,0.855,0.964,0.856
0.46,0.863,0.970,0.863
0.47,0.870,0.975,0.871
0.48,0.877,0.980,0.878
0.49,0.884,0.984,0.884
0.51,0.891,0.988,0.891
0.52,0.897,0.991,0.898
0.53,0.904,0.994,0.904
0.54,0.910,0.996,0.911
0.55,0.917,0.998,0.917
0.56,0.923,0.999,0.923
0.57,0.929,1.000,0.929
0.58,0.934,1.000,0.935
0.59,0.940,0.999,0.940
0.60,0.946,0.998,0.946
0.61,0.951,0.996,0.951
0.62,0.956,0.993,0.956
0.63,0.961,0.989,0.961
0.64,0.966,0.984,0.966
0.65,0.971,0.978,0.971
0.66,0.975,0.971,0.975
0.67,0.979,0.962,0.979
0.68,0.983,0.952,0.983
0.69,0.987,0.941,0.987
0.70,0.990,0.928,0.990
0.71,0.993,0.914,0.993
0.72,0.996,0.898,0.996
0.73,0.998,0.879,0.998
0.74,0.999,0.859,0.999
0.75,1.000,0.837,1.000
0.76,1.000,0.812,1.000
0.77,0.999,0.784,0.999
0.78,0.998,0.754,0.998
0.79,0.995,0.721,0.995
0.80,0.990,0.686,0.990
0.81,0.984,0.648,0.984
0.82,0.976,0.607,0.976
0.83,0.966,0.564,0.966
0.84,0.952,0.518,0.952
0.85,0.935,0.471,0.935
0.86,0.913,0.422,0.913
0.87,0.885,0.372,0.885
0.88,0.850,0.323,0.850
0.89,0.807,0.274,0.807
0.90,0.753,0.227,0.753
0.91,0.688,0.182,0.688
0.92,0.609,0.141,0.609
0.93,0.517,0.105,0.517
0.94,0.414,0.074,0.414
0.95,0.304,0.048,0.304
0.96,0.198,0.028,0.198
0.97,0.108,0.014,0.108
0.98,0.043,0.005,0.043
0.99,0.010,0.001,0.010
1.00,0.003,0.000,0.003
0.00,0.000,0.000,0.000
0.01,0.001,0.000,0.001
0.02,0.002,0.000,0.002
0.03,0.002,0.000,0.002
0.04,0.003,0.000,0.003
0.05,0.004,0.001,0.004
0.06,0.007,0.001,0.007
0.07,0.012,0.001,0.012
0.08,0.019,0.002,0.019
0.09,0.031,0.004,0.031
0.10,0.047,0.006,0.047
0.11,0.068,0.009,0.068
0.12,0.095,0.014,0.095
0.13,0.128,0.019,0.128
0.14,0.165,0.027,0.165
0.15,0.205,0.037,0.206
0.16,0.248,0.049,0.248
0.17,0.291,0.063,0.291
0.18,0.333,0.081,0.333
0.19,0.373,0.101,0.374
0.20,0.411,0.124,0.412
0.21,0.447,0.150,0.448
0.22,0.479,0.179,0.480
0.23,0.509,0.210,0.511
0.24,0.537,0.243,0.538
0.25,0.562,0.277,0.563
0.26,0.585,0.313,0.586
0.27,0.606,0.350,0.607
0.28,0.625,0.387,0.627
0.29,0.643,0.423,0.645
0.30,0.660,0.460,0.661
0.31,0.675,0.496,0.677
0.32,0.690,0.530,0.692
0.33,0.703,0.564,0.705
0.34,0.716,0.597,0.718
0.35,0.728,0.628,0.731
0.36,0.740,0.659,0.743
0.37,0.751,0.687,0.754
0.38,0.762,0.715,0.765
0.39,0.772,0.741,0.775
0.40,0.782,0.765,0.785
0.41,0.792,0.789,0.795
0.42,0.801,0.811,0.804
0.43,0.810,0.831,0.813
0.44,0.819,0.851,0.822
0.45,0.827,0.869,0.830
0.46,0.836,0.886,0.839
0.47,0.844,0.901,0.847
0.48,0.852,0.916,0.854
0.49,0.859,0.929,0.862
0.51,0.867,0.941,0.869
0.52,0.874,0.951,0.877
0.53,0.881,0.961,0.884
0.54,0.888,0.969,0.890
0.55,0.895,0.976,0.897
0.56,0.901,0.983,0.903
0.57,0.908,0.988,0.910
0.58,0.914,0.992,0.916
0.59,0.920,0.995,0.922
0.60,0.926,0.998,0.928
0.61,0.932,0.999,0.933
0.62,0.938,1.000,0.939
0.63,0.943,1.000,0.944
0.64,0.949,0.999,0.950
0.65,0.954,0.998,0.955
0.66,0.959,0.995,0.960
0.67,0.964,0.992,0.964
0.68,0.969,0.987,0.969
0.69,0.973,0.982,0.973
0.70,0.977,0.975,0.978
0.71,0.981,0.967,0.982
0.72,0.985,0.957,0.985
0.73,0.988,0.946,0.989
0.74,0.992,0.933,0.992
0.75,0.994,0.919,0.994
0.76,0.997,0.902,0.997
0.77,0.998,0.883,0.998
0.78,1.000,0.862,1.000
0.79,1.000,0.838,1.000
0.80,1.000,0.811,1.000
0.81,0.998,0.781,0.998
0.82,0.996,0.747,0.996
0.83,0.992,0.710,0.992
0.84,0.986,0.670,0.986
0.85,0.978,0.626,0.978
0.86,0.967,0.578,0.966
0.87,0.952,0.527,0.952
0.88,0.932,0.473,0.932
0.89,0.907,0.416,0.907
0.90,0.873,0.358,0.873
0.91,0.830,0.300,0.830
0.92,0.773,0.243,0.773
0.93,0.699,0.189,0.699
0.94,0.605,0.139,0.605
0.95,0.490,0.095,0.490
0.96,0.357,0.059,0.357
0.97,0.219,0.031,0.219
0.98,0.100,0.013,0.100
0.99,0.024,0.003,0.024
1.00,0.003,0.000,0.003
0.00,0.000,0.000,0.000
0.01,0.002,0.000,0.002
0.02,0.003,0.000,0.003
0.03,0.008,0.001,0.008
0.04,0.020,0.002,0.020
0.05,0.039,0.005,0.039
0.06,0.068,0.010,0.068
0.07,0.105,0.016,0.105
0.08,0.148,0.026,0.149
0.09,0.196,0.039,0.196
0.10,0.243,0.055,0.244
0.11,0.289,0.074,0.290
0.12,0.333,0.098,0.333
0.13,0.373,0.124,0.373
0.14,0.409,0.154,0.409
0.15,0.441,0.187,0.442
0.16,0.471,0.221,0.472
0.17,0.498,0.258,0.499
0.18,0.522,0.296,0.523
0.19,0.545,0.335,0.546
0.20,0.566,0.374,0.567
0.21,0.585,0.414,0.586
0.22,0.603,0.452,0.604
0.23,0.619,0.491,0.621
0.24,0.635,0.528,0.637
0.25,0.650,0.564,0.652
0.26,0.664,0.599,0.666
0.27,0.678,0.633,0.680
0.28,0.691,0.665,0.693
0.29,0.703,0.696,0.705
0.30,0.715,0.725,0.717
0.31,0.727,0.753,0.729
0.32,0.738,0.778,0.740
0.33,0.748,0.802,0.751
0.34,0.758,0.824,0.761
0.35,0.768,0.844,0.771
0.36,0.778,0.862,0.780
0.37,0.787,0.878,0.789
0.38,0.796,0.893,0.798
0.39,0.805,0.906,0.807
0.40,0.814,0.918,0.815
0.41,0.822,0.929,0.823
0.42,0.830,0.938,0.831
0.43,0.838,0.946,0.839
0.44,0.846,0.954,0.847
0.45,0.853,0.961,0.854
0.46,0.861,0.967,0.861
0.47,0.868,0.973,0.869
0.48,0.875,0.978,0.876
0.49,0.882,0.982,0.882
0.51,0.889,0.986,0.889
0.52,0.895,0.990,0.896
0.53,0.902,0.993,0.902
0.54,0.908,0.995,0.909
0.55,0.914,0.997,0.915
0.56,0.921,0.999,0.921
0.57,0.927,1.000,0.927
0.58,0.932,1.000,0.933
0.59,0.938,1.000,0.938
0.60,0.944,0.998,0.944
0.61,0.949,0.997,0.949
0.62,0.954,0.994,0.955
0.63,0.959,0.990,0.960
0.64,0.964,0.986,0.964
0.65,0.969,0.980,0.969
0.66,0.974,0.974,0.974
0.67,0.978,0.966,0.978
0.68,0.982,0.957,0.982
0.69,0.985,0.946,0.986
0.70,0.989,0.934,0.989
0.71,0.992,0.920,0.992
0.72,0.995,0.905,0.995
0.73,0.997,0.887,0.997
0.74,0.998,0.868,0.998
0.75,1.000,0.846,1.000
0.76,1.000,0.822,1.000
0.77,1.000,0.796,1.000
0.78,0.998,0.767,0.998
0.79,0.996,0.735,0.996
0.80,0.992,0.700,0.992
0.81,0.987,0.663,0.987
0.82,0.979,0.623,0.979
0.83,0.970,0.580,0.970
0.84,0.957,0.535,0.957
0.85,0.941,0.488,0.941
0.86,0.921,0.439,0.921
0.87,0.895,0.389,0.895
0.88,0.862,0.339,0.862
0.89,0.821,0.289,0.821
0.90,0.770,0.240,0.770
0.91,0.708,0.194,0.708
0.92,0.631,0.152,0.631
0.93,0.541,0.113,0.541
0.94,0.438,0.080,0.438
0.95,0.326,0.053,0.326
0.96,0.216,0.031,0.216
0.97,0.119,0.016,0.119
0.98,0.049,0.006,0.049
0.99,0.011,0.001,0.011
1.00,0.003,0.000,0.003
